1	1	2	84	31.40049186	5.706346643	30.73864637	5.586070826	31.42931299	5.711584247
1	2	2	271	0	0	0	0	0	0
1	3	271	272	0	0	0	0	0	0
1	4	272	273	20.42042417	3.710961581	20.06612407	3.646575355	20.40028338	3.707301436
1	5	273	276	0	0	0	0	0	0
1	6	276	275	20.39497836	3.706337367	20.36942256	3.701693163	20.07218254	3.647676348
1	7	275	274	0	0	0	0	0	0
1	8	274	3	0	0	0	0	0	0
1	9	3	95	31.34388336	5.696059297	31.31280778	5.690411996	30.72462867	5.583523419
1	10	95	96	0	0	0	0	0	0
1	11	96	97	15.57144043	2.829765763	7.19029E-12	1.30668E-12	15.57144043	2.829765763
1	12	97	98	0	0	0	0	0	0
1	13	97	101	23.8763033	4.338991369	23.84377535	4.333080132	23.18798011	4.213903816
1	14	101	102	0	0	0	0	0	0
1	15	102	103	2.81932E-12	5.12349E-13	96.48469587	17.53396484	23.00894361	4.181367881
1	16	103	104	0	0	0	0	0	0
1	17	104	105	23.81451195	4.327762156	23.76978608	4.319634215	96.48469587	17.53396484
1	18	105	363	0	0	0	0	0	0
1	19	363	362	34.72925506	6.311275915	34.51501677	6.272342832	5.452714439	0.990910552
1	20	362	361	0	0	0	0	0	0
1	21	361	360	10.72263527	1.9486024	14.16663296	2.574472998	34.81641582	6.327115461
1	22	360	359	0	0	0	0	0	0
1	23	359	355	34.8226581	6.328249857	34.61344786	6.290230512	34.89293873	6.341021811
1	24	355	354	14.40577607	2.617931983	10.77202729	1.957578309	5.506738059	1.000728153
1	25	355	356	0	0	0	0	0	0
1	26	356	357	0	0	0	0	0	0
1	27	357	358	20.93842325	3.805096485	20.81882442	3.783362037	20.97357571	3.811484669
1	28	358	369	0	0	0	0	0	0
1	29	369	368	20.8563951	3.790189679	20.901508	3.798387953	20.95034428	3.807262869
1	30	368	367	0	0	0	0	0	0
1	31	367	366	0	0	0	0	0	0
1	32	366	365	5.481179592	0.996083466	10.82363869	1.966957543	14.32851286	2.603891098
1	33	366	370	34.67632966	6.301657892	34.76188514	6.317205712	34.8519073	6.333565254
1	34	370	371	0	0	0	0	0	0
1	35	371	372	9.429384479	1.713582599	9.453825125	1.718024148	34.7741296	6.319430874
1	36	372	373	0	0	0	0	0	0
1	37	373	374	34.57297828	6.282876059	34.6733813	6.301122093	9.480506102	1.722872827
1	38	374	116	0	0	0	0	0	0
1	39	116	115	23.18304932	4.213007754	23.82126996	4.328990275	44.9458822	8.167922501
1	40	115	114	0	0	0	0	0	0
1	41	114	113	44.9458822	8.167922501	3.73535E-12	6.78818E-13	24.03057725	4.367027257
1	42	113	112	0	0	0	0	0	0
1	43	112	108	23.29782492	4.233865686	23.86220323	4.336428993	24.07504168	4.375107685
1	44	108	109	0	0	0	0	0	0
1	45	108	107	40.34309018	7.331466597	30.18559209	5.485565413	15.67192464	2.848026551
1	46	107	106	0	0	0	0	0	0
1	47	106	4	30.73259339	5.584970832	31.30301438	5.688632261	31.52437314	5.728859333
1	48	4	277	0	0	0	0	0	0
1	49	277	278	0	0	0	0	0	0
1	50	278	279	20.0499672	3.6436392	20.36344702	3.70060724	20.47624004	3.721104884
1	51	279	282	0	0	0	0	0	0
1	52	282	281	20.38983072	3.705401896	20.10358038	3.653382212	20.38892288	3.705236917
1	53	281	280	0	0	0	0	0	0
1	54	280	5	0	0	0	0	0	0
1	55	5	117	31.30842299	5.689615156	30.89556243	5.614586859	31.34141108	5.695610015
1	56	117	118	0	0	0	0	0	0
1	57	118	119	30.84971597	5.606255277	15.67519462	2.848620799	41.3644637	7.517078701
1	58	119	123	23.8356145	4.331597079	23.5066528	4.271815546	23.88581883	4.340720607
1	59	119	120	0	0	0	0	0	0
1	60	120	121	0	0	0	0	0	0
1	61	121	122	20.1262215	3.657496735	19.87484324	3.611814283	20.16947378	3.665356884
1	62	122	133	0	0	0	0	0	0
1	63	133	132	20.04963389	3.643578627	20.1077527	3.65414044	19.99362363	3.633399999
1	64	132	131	0	0	0	0	0	0
1	65	131	130	0	0	0	0	0	0
1	66	130	129	41.0843407	7.466172527	30.65078384	5.57010375	15.68006287	2.849505495
1	67	130	134	23.70712635	4.308247192	23.80164796	4.325424408	23.69549634	4.306133694
1	68	134	135	0	0	0	0	0	0
1	69	135	136	40.1893947	7.303535836	15.66523112	2.846810152	23.65784551	4.299291486
1	70	136	137	0	0	0	0	0	0
1	71	137	138	23.61224284	4.291004206	23.74021651	4.314260597	30.33098369	5.511987128
1	72	138	402	0	0	0	0	0	0
1	73	402	401	34.61617484	6.290726081	34.58652776	6.285338378	5.476152244	0.995169856
1	74	401	400	0	0	0	0	0	0
1	75	400	399	14.30420843	2.599474305	10.70991884	1.946291469	34.85276003	6.333720219
1	76	399	398	0	0	0	0	0	0
1	77	398	394	34.71973577	6.309545994	34.684164	6.303081611	34.91871556	6.345706181
1	78	394	393	16.0565438	2.917922599	1.52765E-12	2.77617E-13	16.0565438	2.917922599
1	79	394	395	0	0	0	0	0	0
1	80	395	396	0	0	0	0	0	0
1	81	396	397	20.88197971	3.794839117	20.86106848	3.791038962	20.98320123	3.813233896
1	82	397	386	0	0	0	0	0	0
1	83	386	385	20.7177435	3.76499281	20.96083179	3.809168743	21.02881031	3.821522339
1	84	385	384	0	0	0	0	0	0
1	85	384	383	0	0	0	0	0	0
1	86	383	382	14.27723004	2.594571577	10.73545189	1.950931538	5.465636854	0.993258916
1	87	383	387	34.43465304	6.257738498	34.87055885	6.336954762	34.98147582	6.357111474
1	88	387	388	0	0	0	0	0	0
1	89	388	389	10.71971704	1.948072075	5.511911228	1.001668263	34.90157495	6.342591254
1	90	389	390	0	0	0	0	0	0
1	91	390	391	34.32129266	6.23713775	34.7921818	6.322711463	14.39107185	2.615259815
1	92	391	127	0	0	0	0	0	0
1	93	127	126	23.77971654	4.321438857	23.42407024	4.256807987	15.58728103	2.832644443
1	94	126	125	0	0	0	0	0	0
1	95	125	124	30.24487873	5.496339452	39.89528901	7.250088614	23.83090982	4.330742106
1	96	124	123	0	0	0	0	0	0
1	97	382	381	0	0	0	0	0	0
1	98	381	23	39.78120467	7.229356303	40.21305135	7.307834909	40.31342042	7.326074773
1	99	23	380	0	0	0	0	0	0
1	100	380	379	0	0	0	0	0	0
1	101	379	378	34.95056338	6.351493821	35.27693245	6.410804198	35.3451027	6.423192639
1	102	378	377	0	0	0	0	0	0
1	103	377	376	35.16327883	6.39015016	35.16178618	6.389878904	35.25625894	6.407047245
1	104	376	375	0	0	0	0	0	0
1	105	375	22	0	0	0	0	0	0
1	106	22	364	40.03500665	7.275479213	40.09054236	7.285571603	40.18800085	7.303282532
1	107	364	365	0	0	0	0	0	0
1	108	393	392	0	0	0	0	0	0
1	109	392	24	40.10851747	7.288838183	40.02030625	7.27280774	40.21428965	7.308059943
1	110	24	403	0	0	0	0	0	0
1	111	403	404	0	0	0	0	0	0
1	112	404	405	35.24975877	6.405865981	35.10588132	6.37971943	35.24739661	6.405436712
1	113	405	408	0	0	0	0	0	0
1	114	408	407	35.18259875	6.39366113	35.13954774	6.385837558	35.26190249	6.408072835
1	115	407	406	0	0	0	0	0	0
1	116	406	25	0	0	0	0	0	0
1	117	25	409	40.06814544	7.281501456	40.03304488	7.275122705	40.22295558	7.309634784
1	118	409	410	0	0	0	0	0	0
1	119	410	411	9.483008648	1.723327609	9.471108423	1.721165006	9.529259243	1.731732634
1	120	411	415	34.72384798	6.310293298	34.66385248	6.29939044	34.92176653	6.346260629
1	121	411	412	0	0	0	0	0	0
1	122	412	413	0	0	0	0	0	0
1	123	413	414	20.87952885	3.794393728	20.85461985	3.789867067	20.98355549	3.813298274
1	124	414	425	0	0	0	0	0	0
1	125	425	424	15.88536968	1.676095738	16.12271831	1.701138846	16.13710058	1.702656347
1	126	424	423	0	0	0	0	0	0
1	127	423	422	0	0	0	0	0	0
1	128	422	421	22.12756875	2.334722102	11.31881769	1.194270104	29.69895725	3.133593783
1	129	422	426	32.73561666	3.453997526	33.23772739	3.506976189	33.27824005	3.511250758
1	130	426	427	0	0	0	0	0	0
1	131	427	428	19.10375898	2.015674149	19.40039173	2.046972437	33.1847759	3.501389176
1	132	428	429	0	0	0	0	0	0
1	133	429	430	32.61693225	3.441474907	33.13499592	3.496136795	19.42697647	2.049777444
1	134	430	419	0	0	0	0	0	0
1	135	419	418	34.63023365	6.293280959	34.55604395	6.279798619	1.06776E-12	1.94042E-13
1	136	418	417	0	0	0	0	0	0
1	137	417	416	15.87618231	2.885145877	15.87618231	2.885145877	34.8571243	6.334513329
1	138	416	415	0	0	0	0	0	0
1	139	421	420	0	0	0	0	0	0
1	140	420	26	40.11896796	4.233029043	40.64228371	4.288245089	40.68916065	4.293191164
1	141	26	431	0	0	0	0	0	0
1	142	431	432	0	0	0	0	0	0
1	143	432	433	16.11667505	1.70050121	16.29270323	1.71907428	16.31801644	1.721745125
1	144	433	436	0	0	0	0	0	0
1	145	436	435	16.27578043	1.717288723	16.20466034	1.709784707	16.26015968	1.715640548
1	146	435	434	0	0	0	0	0	0
1	147	434	27	0	0	0	0	0	0
1	148	27	437	40.51585422	4.274905272	40.42298968	4.265106957	40.54487437	4.277967243
1	149	437	438	0	0	0	0	0	0
1	150	438	439	22.25967696	2.348661091	11.21565122	1.183384812	29.69655131	3.133339928
1	151	439	443	33.06116126	3.488346359	33.05853409	3.488069162	33.15964671	3.498737748
1	152	439	440	0	0	0	0	0	0
1	153	440	441	0	0	0	0	0	0
1	154	441	442	16.04287415	1.692714336	16.03579036	1.691966911	16.07991622	1.696622716
1	155	442	453	0	0	0	0	0	0
1	156	453	452	16.01895096	1.690190154	16.00881878	1.689121089	16.13365144	1.702292421
1	157	452	451	0	0	0	0	0	0
1	158	451	450	0	0	0	0	0	0
1	159	450	449	19.37468402	2.044259968	19.36137836	2.042856062	19.51188658	2.058736473
1	160	450	454	33.00947518	3.482892862	32.98400959	3.480205939	33.29590452	3.51311457
1	161	454	455	0	0	0	0	0	0
1	162	455	456	29.35764247	3.097581008	21.97494621	2.318618605	33.22571259	3.505708485
1	163	456	457	0	0	0	0	0	0
1	164	457	458	32.88928269	3.470211122	32.86380071	3.46752247	11.19764437	1.181484874
1	165	458	447	0	0	0	0	0	0
1	166	447	446	32.94156213	3.475727226	32.95635907	3.47728848	19.35820466	2.042521199
1	167	446	445	0	0	0	0	0	0
1	168	445	444	19.29336791	2.03568015	19.29579199	2.035935919	33.06663169	3.488923555
1	169	444	443	0	0	0	0	0	0
1	170	449	448	0	0	0	0	0	0
1	171	448	28	40.43158684	4.266014059	40.40116865	4.262804578	40.64799077	4.288847251
1	172	28	464	0	0	0	0	0	0
1	173	464	465	0	0	0	0	0	0
1	174	465	466	16.23263644	1.712736519	16.21431329	1.710803207	16.28841488	1.718621808
1	175	466	469	0	0	0	0	0	0
1	176	469	468	16.13822015	1.702774475	16.28724187	1.718498041	16.29907692	1.71974678
1	177	468	467	0	0	0	0	0	0
1	178	467	29	0	0	0	0	0	0
1	179	29	470	40.22116295	4.243811832	40.57857996	4.281523584	40.65010635	4.289070471
1	180	470	471	0	0	0	0	0	0
1	181	471	472	11.15439905	1.176921978	29.75817492	3.139841953	22.37288714	2.360606114
1	182	472	473	0	0	0	0	0	0
1	183	472	476	32.85681537	3.466785433	33.1275028	3.495346182	33.27662107	3.511079936
1	184	476	477	0	0	0	0	0	0
1	185	477	478	29.26296648	3.087591564	21.9752206	2.318647556	33.20654158	3.503685715
1	186	478	479	0	0	0	0	0	0
1	187	479	1080	32.73710605	3.454154674	33.00700434	3.482632159	11.14372428	1.175795663
1	188	1080	765	0	0	0	0	0	0
1	189	765	463	33.0800339	3.490337648	32.670117	3.447086531	2.14463E-12	2.26284E-13
1	190	463	460	0	0	0	0	0	0
1	191	460	462	32.2259761	3.400224376	32.2259761	3.400224376	33.26383592	3.50973095
1	192	462	461	0	0	0	0	0	0
1	193	461	482	33.18211561	3.501108484	32.80938325	3.46178078	33.33139379	3.51685911
1	194	482	483	0	0	0	0	0	0
1	195	482	481	29.63765571	3.127125741	22.12048989	2.333975197	11.30052927	1.192340457
1	196	481	480	0	0	0	0	0	0
1	197	480	30	40.59952944	4.283734004	40.25807824	4.247706835	40.65483139	4.289569018
1	198	30	485	0	0	0	0	0	0
1	199	485	486	0	0	0	0	0	0
1	200	486	487	16.29165187	1.718963349	16.17514922	1.706670932	16.27848396	1.717573978
1	201	487	490	0	0	0	0	0	0
1	202	490	489	16.21489343	1.710864419	16.24409577	1.713945615	16.27024158	1.716704308
1	203	489	488	0	0	0	0	0	0
1	204	488	31	0	0	0	0	0	0
1	205	31	491	40.41233053	4.263982289	40.4921768	4.272407022	40.55067094	4.278578851
1	206	491	492	0	0	0	0	0	0
1	207	492	493	11.20471051	1.182230436	22.26805549	2.349545125	29.3637678	3.098227303
1	208	493	497	33.03449375	3.485532619	33.07174187	3.489462739	33.15115138	3.497841389
1	209	493	494	0	0	0	0	0	0
1	210	494	495	0	0	0	0	0	0
1	211	495	496	16.02117927	1.690425268	16.05174878	1.693650715	16.07414468	1.69601375
1	212	496	507	0	0	0	0	0	0
1	213	507	506	19.81493494	3.929150629	20.07164581	3.980054439	20.11791226	3.989228723
1	214	506	505	0	0	0	0	0	0
1	215	505	504	0	0	0	0	0	0
1	216	504	508	23.4669337	4.653314159	23.73958383	4.707378601	23.82483217	4.724282698
1	217	504	503	30.38318713	6.024754518	15.83138378	3.139242784	41.04795467	8.139496667
1	218	503	502	0	0	0	0	0	0
1	219	502	32	30.8246344	6.11229015	31.201504	6.187020519	31.26123021	6.198863772
1	220	32	513	0	0	0	0	0	0
1	221	513	514	0	0	0	0	0	0
1	222	514	515	20.07500777	3.98072109	20.30268952	4.025868646	20.33668913	4.03261051
1	223	515	518	0	0	0	0	0	0
1	224	518	517	20.27873292	4.021118235	20.19060287	4.003642717	20.26125699	4.017652891
1	225	517	516	0	0	0	0	0	0
1	226	516	33	0	0	0	0	0	0
1	227	33	519	31.13870166	6.174567293	31.02823838	6.152663267	31.14667524	6.176148393
1	228	519	520	0	0	0	0	0	0
1	229	520	521	27.19359568	5.392282835	27.11251165	5.37620449	27.22817098	5.399138853
1	230	521	522	0	0	0	0	0	0
1	231	521	525	23.68812854	4.69717541	23.62680884	4.685016181	23.7349849	4.706466668
1	232	525	526	0	0	0	0	0	0
1	233	526	527	27.05343812	5.364490658	26.9879093	5.351496793	23.67739109	4.695046256
1	234	527	528	0	0	0	0	0	0
1	235	528	529	23.61309876	4.682297576	23.56378393	4.672518821	27.11592729	5.376881786
1	236	529	540	0	0	0	0	0	0
1	237	540	539	23.54031549	4.667865207	23.65564986	4.690735135	40.26634801	7.984510021
1	238	539	538	0	0	0	0	0	0
1	239	538	537	15.58187028	3.089766158	30.422431	6.032536278	23.62687037	4.685028381
1	240	537	536	0	0	0	0	0	0
1	241	536	532	23.61510701	4.682695798	23.70147955	4.699822813	23.70757263	4.701031025
1	242	532	533	0	0	0	0	0	0
1	243	532	531	40.83803475	8.097871146	30.42967075	6.033971865	15.68238695	3.109697849
1	244	531	530	0	0	0	0	0	0
1	245	530	34	31.04356075	6.155701575	31.10429365	6.167744448	31.14037886	6.174899869
1	246	34	541	0	0	0	0	0	0
1	247	541	542	0	0	0	0	0	0
1	248	542	543	20.21744326	4.008964962	20.24059167	4.013555116	20.25654841	4.016719214
1	249	543	546	0	0	0	0	0	0
1	250	546	545	20.06313178	3.978366171	20.33553435	4.032381526	20.30612459	4.026549793
1	251	545	544	0	0	0	0	0	0
1	252	544	35	0	0	0	0	0	0
1	253	35	547	30.72842299	6.093212159	31.3089243	6.208321146	31.22709764	6.192095542
1	254	547	548	0	0	0	0	0	0
1	255	548	549	30.20197582	5.988821696	15.90850179	3.154534697	40.9323199	8.116567172
1	256	549	553	23.27708205	4.615668023	23.90623789	4.740424831	23.81897414	4.723121096
1	257	549	550	0	0	0	0	0	0
1	258	550	551	0	0	0	0	0	0
1	259	551	552	19.70221274	3.906798676	20.17723792	4.000992549	20.10528746	3.98672532
1	260	552	563	0	0	0	0	0	0
1	261	563	562	20.02285645	3.970379881	20.00135659	3.966116622	19.98425868	3.962726236
1	262	562	561	0	0	0	0	0	0
1	263	561	560	0	0	0	0	0	0
1	264	560	559	30.49341222	6.046611314	15.67104579	3.107448984	40.9114465	8.112428136
1	265	560	564	23.71508129	4.702519935	23.67419054	4.69441161	23.64157827	4.687944846
1	266	564	565	0	0	0	0	0	0
1	267	565	566	15.64644047	3.102569935	40.69839621	8.070181888	23.56407864	4.67257726
1	268	566	567	0	0	0	0	0	0
1	269	567	568	23.66049973	4.691696828	23.60801576	4.681289657	30.27553551	6.003408022
1	270	568	557	0	0	0	0	0	0
1	271	557	556	23.16287867	4.593022362	23.86524899	4.732297045	44.56491881	8.836883861
1	272	556	555	0	0	0	0	0	0
1	273	555	554	44.56491881	8.836883861	2.97938E-12	5.90789E-13	23.77556325	4.714513048
1	274	554	553	0	0	0	0	0	0
1	275	559	558	0	0	0	0	0	0
1	276	558	36	31.14558115	6.175931444	31.07119857	6.161181945	31.08294611	6.163511392
1	277	36	569	0	0	0	0	0	0
1	278	569	570	0	0	0	0	0	0
1	279	570	571	20.28234777	4.021835031	20.20434819	4.006368309	20.23973847	4.013385933
1	280	571	574	0	0	0	0	0	0
1	281	574	573	20.19642018	4.004796245	20.2307625	4.011606066	20.29341502	4.024029583
1	282	573	572	0	0	0	0	0	0
1	283	572	19	0	0	0	0	0	0
1	284	19	325	30.98625187	6.144337663	31.11594721	6.170055259	31.19078771	6.18489556
1	285	325	326	0	0	0	0	0	0
1	286	326	327	15.66317771	3.105888803	30.63862267	6.075405441	40.57886881	8.046480514
1	287	327	328	0	0	0	0	0	0
1	288	327	331	23.53310646	4.666435713	23.71483153	4.702470408	23.78414408	4.716214561
1	289	331	332	0	0	0	0	0	0
1	290	332	333	39.96872474	7.925493595	15.52963573	3.079408445	23.74603634	4.708658085
1	291	333	334	0	0	0	0	0	0
1	292	334	335	23.43870001	4.647715632	23.65370167	4.690348824	30.29847015	6.007955788
1	293	335	83	0	0	0	0	0	0
1	294	83	82	34.20866687	6.783318004	34.64111424	6.869069023	5.493935021	1.089405456
1	295	82	81	0	0	0	0	0	0
1	296	81	80	10.63990947	2.109812982	14.16570414	2.808951202	34.82629365	6.905788689
1	297	80	79	0	0	0	0	0	0
1	298	79	75	34.30076446	6.801580255	34.73977483	6.888632668	34.90301866	6.921002675
1	299	75	76	0	0	0	0	0	0
1	300	75	74	5.446728907	1.080044844	10.87070486	2.155577951	14.37665731	2.85078161
1	301	74	73	0	0	0	0	0	0
1	302	73	1	39.57928042	7.848269754	40.0886147	7.949266859	40.24320577	7.979921091
1	303	1	322	0	0	0	0	0	0
1	304	322	323	0	0	0	0	0	0
1	305	323	324	34.75270268	6.89119616	35.17067631	6.974077147	35.30382301	7.000479123
1	306	324	321	0	0	0	0	0	0
1	307	321	320	35.19646721	6.979191285	35.15732551	6.971429785	34.82091116	6.904721382
1	308	320	319	0	0	0	0	0	0
1	309	319	18	0	0	0	0	0	0
1	310	18	260	40.08258473	7.948071163	40.04417471	7.940454748	39.73346269	7.878842922
1	311	260	261	0	0	0	0	0	0
1	312	261	262	14.40777029	2.856951076	10.80753297	2.143051446	5.45304473	1.081297223
1	313	262	266	34.73642279	6.887967984	34.66276753	6.873362705	34.50993924	6.843058021
1	314	262	263	0	0	0	0	0	0
1	315	263	264	0	0	0	0	0	0
1	316	264	265	20.88677745	4.141688832	20.85485879	4.135359604	20.73554785	4.111701155
1	317	265	254	0	0	0	0	0	0
1	318	254	253	20.91535719	4.147355976	20.65839308	4.096401952	20.92151568	4.148577158
1	319	253	252	0	0	0	0	0	0
1	320	252	251	0	0	0	0	0	0
1	321	251	250	5.439009401	1.078514124	14.24525745	2.824726018	10.72002592	2.125699463
1	322	251	255	34.77397961	6.895415215	34.34861607	6.811068865	34.81576505	6.903700948
1	323	255	256	0	0	0	0	0	0
1	324	256	257	14.30144442	2.835867466	10.66267425	2.114327065	34.74995622	6.890651559
1	325	257	258	0	0	0	0	0	0
1	326	258	259	34.67036295	6.87486882	34.25178651	6.791868301	5.488628313	1.088353177
1	327	259	1062	0	0	0	0	0	0
1	328	1062	1061	32.57579239	6.459531435	32.26035777	6.396983154	10.97801822	2.176857371
1	329	1061	1060	0	0	0	0	0	0
1	330	1060	1059	21.67039653	4.297074525	28.5054786	5.652419224	32.75140203	6.49435349
1	331	1059	1058	0	0	0	0	0	0
1	332	1058	1054	32.67476337	6.479156627	32.38040454	6.420787514	32.84076843	6.512074165
1	333	1054	1055	0	0	0	0	0	0
1	334	1054	1053	22.08103615	4.378501233	11.04006827	2.189161424	29.4448479	5.838688999
1	335	1053	1052	0	0	0	0	0	0
1	336	1052	71	39.99718823	7.931137688	39.64204274	7.860715043	40.14704963	7.960854062
1	337	71	1051	0	0	0	0	0	0
1	338	1051	1050	0	0	0	0	0	0
1	339	1050	1049	16.05825838	3.184230289	15.90131884	3.153110374	16.09912881	3.192334585
1	340	1049	1048	0	0	0	0	0	0
1	341	1048	1047	15.94633008	3.16203576	16.01534085	3.17572007	16.10001323	3.192509957
1	342	1047	1046	0	0	0	0	0	0
1	343	1046	70	0	0	0	0	0	0
1	344	70	1035	39.67072964	7.866403436	39.93300992	7.918411619	40.1937124	7.970106934
1	345	1035	1036	0	0	0	0	0	0
1	346	1036	1037	28.96529711	5.743597731	21.74954658	4.312769378	11.05243402	2.191613458
1	347	1037	1041	32.31216575	6.407256282	32.66255736	6.476736269	32.92795025	6.529361658
1	348	1037	1038	0	0	0	0	0	0
1	349	1038	1039	0	0	0	0	0	0
1	350	1039	1040	15.69829458	3.112852209	15.83414632	3.139790576	15.96007547	3.164761366
1	351	1040	1029	0	0	0	0	0	0
1	352	1029	1028	15.85184851	3.143300784	15.83240275	3.139444838	15.70786753	3.114750454
1	353	1028	1027	0	0	0	0	0	0
1	354	1027	1026	0	0	0	0	0	0
1	355	1026	1030	32.67837176	6.479872145	32.63358699	6.470991665	32.27066892	6.399027778
1	356	1026	1025	11.00653712	2.182512452	1.38483E-12	2.74601E-13	11.00653712	2.182512452
1	357	1025	1024	0	0	0	0	0	0
1	358	1024	69	39.98572562	7.92886474	39.92162049	7.916153181	39.72552878	7.877269689
1	359	69	1021	0	0	0	0	0	0
1	360	1021	1022	0	0	0	0	0	0
1	361	1022	1023	16.04375162	3.18135371	16.00876321	3.174415775	15.97835126	3.168385316
1	362	1023	1020	0	0	0	0	0	0
1	363	1020	1019	16.0759718	3.187742725	15.88077352	3.149036393	16.10485804	3.193470646
1	364	1019	1018	0	0	0	0	0	0
1	365	1018	68	0	0	0	0	0	0
1	366	68	1007	40.08467732	7.948486109	39.50167384	7.83288096	40.22439576	7.976191211
1	367	1007	1008	0	0	0	0	0	0
1	368	1008	1009	31.88420029	6.322393993	31.88420029	6.322393993	3.07298E-12	6.09349E-13
1	369	1009	1013	32.77920458	6.499866524	32.17382258	6.379823886	32.98122	6.539924643
1	370	1009	1010	0	0	0	0	0	0
1	371	1010	1011	0	0	0	0	0	0
1	372	1011	1012	15.89918997	3.152688235	15.62503341	3.098325079	15.97895393	3.168504821
1	373	1012	1001	0	0	0	0	0	0
1	374	1001	1000	21.02883396	2.218792492	21.12417997	2.228852631	21.22334865	2.239316109
1	375	1000	999	0	0	0	0	0	0
1	376	999	998	0	0	0	0	0	0
1	377	998	1002	34.95282263	3.687939168	35.13283824	3.70693296	35.31660552	3.726322597
1	378	998	997	5.53964278	0.584498305	10.96461903	1.156897926	14.52027983	1.532062497
1	379	997	996	0	0	0	0	0	0
1	380	996	67	40.37833093	4.260394926	40.51611736	4.274933036	40.69999497	4.294334314
1	381	67	993	0	0	0	0	0	0
1	382	993	994	0	0	0	0	0	0
1	383	994	995	35.4755145	3.743089387	35.53345472	3.749202771	35.6956338	3.766314596
1	384	995	992	0	0	0	0	0	0
1	385	992	991	35.57566795	3.753656769	35.53583422	3.749453836	35.54387247	3.750301967
1	386	991	990	0	0	0	0	0	0
1	387	990	66	0	0	0	0	0	0
1	388	66	979	40.50427985	4.273684037	40.51708216	4.275034833	40.51610541	4.274931775
1	389	979	980	0	0	0	0	0	0
1	390	980	981	10.90588623	1.150700915	5.540010056	0.584537057	14.55058023	1.53525955
1	391	981	985	35.0940961	3.702845203	35.13006263	3.7066401	35.12542458	3.706150731
1	392	981	982	0	0	0	0	0	0
1	393	982	983	0	0	0	0	0	0
1	394	983	984	21.10101793	2.22640876	21.12379609	2.228812128	21.12131863	2.228550727
1	395	984	973	0	0	0	0	0	0
1	396	973	972	21.09422646	2.22569218	21.03631415	2.219581741	21.2360049	2.240651495
1	397	972	971	0	0	0	0	0	0
1	398	971	970	0	0	0	0	0	0
1	399	970	974	35.05200896	3.698404508	34.99758637	3.692662276	35.3340271	3.728160782
1	400	970	969	10.95811025	1.156211172	5.545438286	0.5851098	14.63552522	1.544222259
1	401	969	968	0	0	0	0	0	0
1	402	968	65	40.52800115	4.276186917	40.33374137	4.255690196	40.71523058	4.295941852
1	403	65	965	0	0	0	0	0	0
1	404	965	966	0	0	0	0	0	0
1	405	966	967	35.62833274	3.759213532	35.36185553	3.731097012	35.70037887	3.766815257
1	406	967	964	0	0	0	0	0	0
1	407	964	963	35.48828319	3.744436636	35.54008776	3.749902635	35.67238091	3.763861138
1	408	963	962	0	0	0	0	0	0
1	409	962	64	0	0	0	0	0	0
1	410	64	951	40.40500519	4.263209378	40.51101661	4.274394846	40.67607263	4.291810222
1	411	951	952	0	0	0	0	0	0
1	412	952	953	14.495754	1.529474729	10.87106746	1.147027121	5.541972204	0.584744087
1	413	953	957	34.9963635	3.692533249	35.12611007	3.706223057	35.27544	3.721979144
1	414	953	954	0	0	0	0	0	0
1	415	954	955	0	0	0	0	0	0
1	416	955	956	21.04911604	2.220932493	21.11508298	2.227892791	21.21198165	2.238116755
1	417	956	945	0	0	0	0	0	0
1	418	945	944	21.09982888	2.226283302	21.10797197	2.227142495	21.14359759	2.230901422
1	419	944	943	0	0	0	0	0	0
1	420	943	942	0	0	0	0	0	0
1	421	942	946	35.08150982	3.7015172	35.10472256	3.70396642	35.17353986	3.711227466
1	422	942	941	9.583063181	1.011127325	9.586168105	1.011454932	9.601936526	1.013118688
1	423	941	940	0	0	0	0	0	0
1	424	940	63	40.5020483	4.273448583	40.49705591	4.272921826	40.54494743	4.277974952
1	425	63	937	0	0	0	0	0	0
1	426	937	938	0	0	0	0	0	0
1	427	938	939	35.57385143	3.753465105	35.5270574	3.748527777	35.55722545	3.751710866
1	428	939	936	0	0	0	0	0	0
1	429	936	935	35.6359177	3.760013836	35.34080402	3.728875826	35.71897192	3.768777045
1	430	935	934	0	0	0	0	0	0
1	431	934	62	0	0	0	0	0	0
1	432	62	923	40.57279231	4.280912919	40.28418719	4.250461641	40.72928529	4.297424792
1	433	923	924	0	0	0	0	0	0
1	434	924	925	10.98046544	1.15856991	5.535540734	0.58406549	14.64945132	1.545691628
1	435	925	929	35.15255944	3.709013781	34.91069062	3.683493739	35.33407661	3.728166005
1	436	925	926	0	0	0	0	0	0
1	437	926	927	0	0	0	0	0	0
1	438	927	928	21.13651753	2.230154391	20.99714783	2.215449228	21.23945194	2.241015198
1	439	928	917	0	0	0	0	0	0
1	440	917	916	20.04455832	3.642656254	19.95032091	3.625530685	20.20440409	3.671704698
1	441	916	915	0	0	0	0	0	0
1	442	915	914	0	0	0	0	0	0
1	443	914	918	23.73473332	4.313264149	23.5772824	4.284650917	23.95338918	4.353000027
1	444	914	913	27.23003518	4.94845815	27.10009014	4.924843505	27.4444993	4.987432272
1	445	913	912	0	0	0	0	0	0
1	446	912	61	31.15806359	5.662290654	31.06288245	5.644993581	31.359827	5.698956701
1	447	61	911	0	0	0	0	0	0
1	448	911	910	0	0	0	0	0	0
1	449	910	909	20.27722477	3.684938249	20.24474844	3.679036393	20.37737135	3.70313768
1	450	909	908	0	0	0	0	0	0
1	451	908	907	20.25568142	3.68102322	20.2910254	3.68744621	20.32432406	3.693497507
1	452	907	906	0	0	0	0	0	0
1	453	906	60	0	0	0	0	0	0
1	454	60	895	31.04787984	5.642267187	31.19154495	5.668375151	31.29155391	5.686549575
1	455	895	896	0	0	0	0	0	0
1	456	896	897	45.382658	8.247296866	2.51147E-12	4.56405E-13	45.382658	8.247296866
1	457	897	901	23.57772403	4.284731175	23.73659714	4.313602856	23.90765508	4.344688863
1	458	897	898	0	0	0	0	0	0
1	459	898	899	0	0	0	0	0	0
1	460	899	900	19.923287	3.620617867	20.06987445	3.647256903	20.17017812	3.665484882
1	461	900	889	0	0	0	0	0	0
1	462	889	888	20.03765351	3.641401459	19.93296407	3.622376463	20.2144755	3.673534954
1	463	888	887	0	0	0	0	0	0
1	464	887	886	0	0	0	0	0	0
1	465	886	890	23.69225022	4.305543782	23.61505379	4.291515035	23.93116319	4.348960944
1	466	886	885	40.8981392	7.43233451	30.34811817	5.515100942	15.83489173	2.877642224
1	467	885	884	0	0	0	0	0	0
1	468	884	59	31.19752174	5.669461302	30.98293553	5.630464991	31.38517917	5.703563899
1	469	59	881	0	0	0	0	0	0
1	470	881	882	0	0	0	0	0	0
1	471	882	883	20.3350125	3.695439894	20.15827142	3.663321102	20.40078345	3.707392314
1	472	883	880	0	0	0	0	0	0
1	473	880	879	20.24566323	3.679202636	20.28161346	3.685735797	20.36815894	3.701463528
1	474	879	878	0	0	0	0	0	0
1	475	878	58	0	0	0	0	0	0
1	476	58	867	31.08812817	5.649581434	31.19003115	5.668100051	31.28119921	5.684667836
1	477	867	868	0	0	0	0	0	0
1	478	868	869	15.71637041	2.856103591	30.68550927	5.57641433	40.64954754	7.387158462
1	479	869	873	23.64929688	4.297737961	23.76768782	4.319252901	23.81415902	4.327698018
1	480	869	870	0	0	0	0	0	0
1	481	870	871	0	0	0	0	0	0
1	482	871	872	19.98512607	3.631855754	20.07795709	3.648725745	20.11240222	3.654985386
1	483	872	861	0	0	0	0	0	0
1	484	861	860	20.07654097	3.648468396	19.95314119	3.626043208	20.14900996	3.661638037
1	485	860	859	0	0	0	0	0	0
1	486	859	858	0	0	0	0	0	0
1	487	858	857	41.00724202	7.452161543	30.4420407	5.53216929	15.81565361	2.874146122
1	488	858	862	23.77577763	4.320723046	23.5980789	4.288430223	23.86375328	4.33671068
1	489	862	863	0	0	0	0	0	0
1	490	863	864	30.28356701	5.503370192	40.0320217	7.274936764	23.80884935	4.326733101
1	491	864	865	0	0	0	0	0	0
1	492	865	866	23.71999195	4.31058523	23.51523677	4.273375494	15.63001869	2.840411071
1	493	866	877	0	0	0	0	0	0
1	494	877	876	23.57431094	4.284110921	23.70429146	4.307732013	27.20687701	4.944249664
1	495	876	875	0	0	0	0	0	0
1	496	875	874	27.00925581	4.908336369	27.14812642	4.933573039	23.75634736	4.317192024
1	497	874	873	0	0	0	0	0	0
1	498	857	856	0	0	0	0	0	0
1	499	856	57	31.20603628	5.671008632	31.06739261	5.645813203	31.27350074	5.683268809
1	500	57	853	0	0	0	0	0	0
1	501	853	854	0	0	0	0	0	0
1	502	854	855	20.30729136	3.690402189	20.2476952	3.679571901	20.32116595	3.692923589
1	503	855	852	0	0	0	0	0	0
1	504	852	851	20.31968339	3.692654166	20.19200282	3.669451039	20.37571138	3.702836018
1	505	851	850	0	0	0	0	0	0
1	506	850	56	0	0	0	0	0	0
1	507	56	839	31.19978934	5.669873389	31.03055883	5.639119476	31.32316012	5.692293305
1	508	839	840	0	0	0	0	0	0
1	509	840	841	15.80814563	2.872781711	30.57879224	5.557020866	40.65984339	7.389029505
1	510	841	845	23.73249988	4.31285827	23.61098325	4.290775304	23.89304443	4.3420337
1	511	841	842	0	0	0	0	0	0
1	512	842	843	0	0	0	0	0	0
1	513	843	844	20.05588994	3.644715526	19.96097038	3.627465992	20.15908276	3.663468546
1	514	844	833	0	0	0	0	0	0
1	515	833	832	15.78195485	3.129441404	15.85102874	3.14313823	15.84247059	3.141441214
1	516	832	831	0	0	0	0	0	0
1	517	831	830	0	0	0	0	0	0
1	518	830	834	32.52215995	6.448896532	32.69599467	6.483366632	32.64652398	6.473556972
1	519	830	829	11.03847243	2.188844982	29.29448246	5.808872678	21.97917964	4.358303864
1	520	829	828	0	0	0	0	0	0
1	521	828	55	39.80703452	7.893431655	39.9660292	7.924959089	39.99451107	7.930606826
1	522	55	1077	0	0	0	0	0	0
1	523	1077	1078	0	0	0	0	0	0
1	524	1078	1079	15.97120112	3.166967498	16.0252491	3.177684799	16.05832309	3.184243121
1	525	1079	1076	0	0	0	0	0	0
1	526	1076	1075	16.0173412	3.176116724	16.00529826	3.1737287	16.01539676	3.175731155
1	527	1075	1074	0	0	0	0	0	0
1	528	1074	72	0	0	0	0	0	0
1	529	72	1063	39.87096569	7.90610872	39.88353113	7.90860035	39.98917234	7.929548198
1	530	1063	1064	0	0	0	0	0	0
1	531	1064	1065	29.13479022	5.777206923	21.84115651	4.330934927	11.06352118	2.193811957
1	532	1065	1069	32.51402983	6.44728439	32.58286005	6.4609329	32.77063388	6.498167019
1	533	1065	1066	0	0	0	0	0	0
1	534	1066	1067	0	0	0	0	0	0
1	535	1067	1068	15.78713682	3.130468949	15.80478448	3.133968347	15.88132951	3.149146642
1	536	1068	1057	0	0	0	0	0	0
1	537	1057	1056	15.84672993	3.142285809	15.71638108	3.116438626	15.923417	3.157492272
1	538	1056	1055	0	0	0	0	0	0
1	539	1069	1070	0	0	0	0	0	0
1	540	1070	1071	28.67961524	5.686949193	10.93564884	2.168455846	32.69780622	6.483725848
1	541	1071	1072	0	0	0	0	0	0
1	542	1072	1073	32.37631867	6.419977317	32.48413856	6.44135718	21.83200117	4.329119493
1	543	1073	270	0	0	0	0	0	0
1	544	270	269	34.64258884	6.869361425	34.55491483	6.851976337	2.03585E-12	4.03694E-13
1	545	269	268	0	0	0	0	0	0
1	546	268	267	15.94306321	3.161387965	15.94306321	3.161387965	34.44629293	6.830437442
1	547	267	266	0	0	0	0	0	0
1	548	834	835	0	0	0	0	0	0
1	549	835	836	10.96139479	2.173561073	21.87429931	4.337506893	32.53183737	6.45081549
1	550	836	837	0	0	0	0	0	0
1	551	837	838	32.40425772	6.425517419	32.61187613	6.466686567	28.79571154	5.709970204
1	552	838	849	0	0	0	0	0	0
1	553	849	848	23.65631022	4.29901248	23.53010358	4.276077209	15.76186721	2.864371629
1	554	848	847	0	0	0	0	0	0
1	555	847	846	40.72201369	7.400327585	30.21577793	5.491051023	23.85878109	4.335807095
1	556	846	845	0	0	0	0	0	0
1	557	890	891	0	0	0	0	0	0
1	558	891	892	30.57437378	5.556217907	15.71112614	2.855150559	23.86857303	4.337586564
1	559	892	893	0	0	0	0	0	0
1	560	893	894	23.59711903	4.288255787	23.57256394	4.283793442	41.17011575	7.481760249
1	561	894	905	0	0	0	0	0	0
1	562	905	904	23.50203452	4.270976276	23.65557297	4.298878502	15.67109883	2.847876478
1	563	904	903	0	0	0	0	0	0
1	564	903	902	40.51297842	7.362340037	30.1864817	5.48572708	23.87341616	4.338466696
1	565	902	901	0	0	0	0	0	0
1	566	918	919	0	0	0	0	0	0
1	567	919	920	44.81561998	8.144250216	44.81561998	8.144250216	23.92206877	4.347308234
1	568	920	921	0	0	0	0	0	0
1	569	921	922	23.67699826	4.302772076	23.47620231	4.266281842	2.70053E-12	4.90761E-13
1	570	922	933	0	0	0	0	0	0
1	571	933	932	35.05830987	3.699069329	34.81141927	3.673019429	5.512884388	0.581674976
1	572	932	931	0	0	0	0	0	0
1	573	931	930	10.80602749	1.140164628	14.27960238	1.506668159	35.25654366	3.719985355
1	574	930	929	0	0	0	0	0	0
1	575	946	947	0	0	0	0	0	0
1	576	947	948	9.539455364	1.006526181	9.547209516	1.007344337	35.09507482	3.702948469
1	577	948	949	0	0	0	0	0	0
1	578	949	950	34.97698961	3.690489073	35.01534296	3.694535807	9.567966883	1.009534486
1	579	950	961	0	0	0	0	0	0
1	580	961	960	34.89180469	3.681501049	35.0458873	3.697758599	14.4508302	1.524734734
1	581	960	959	0	0	0	0	0	0
1	582	959	958	5.516117549	0.582016113	10.91404577	1.151561844	35.18465856	3.712400621
1	583	958	957	0	0	0	0	0	0
1	584	974	975	0	0	0	0	0	0
1	585	975	976	16.17224654	1.706364664	2.15092E-12	2.26948E-13	35.26328464	3.720696609
1	586	976	977	0	0	0	0	0	0
1	587	977	978	34.9265904	3.685171356	34.91999717	3.684475691	16.17224654	1.706364664
1	588	978	989	0	0	0	0	0	0
1	589	989	988	35.00006495	3.692923796	35.03930862	3.69706447	10.87099729	1.147019716
1	590	988	987	0	0	0	0	0	0
1	591	987	986	5.513040563	0.581691454	14.49749042	1.529657942	35.03641951	3.696759635
1	592	986	985	0	0	0	0	0	0
1	593	1002	1003	0	0	0	0	0	0
1	594	1003	1004	14.32772131	1.51174528	5.48552383	0.578788111	35.248142	3.71909888
1	595	1004	1005	0	0	0	0	0	0
1	596	1005	1006	34.83821905	3.675847125	35.0444048	3.697602178	10.87192333	1.147117425
1	597	1006	215	0	0	0	0	0	0
1	598	215	214	32.49881808	3.429012454	33.11912835	3.494462578	22.01587419	2.322936994
1	599	214	213	0	0	0	0	0	0
1	600	213	212	28.8006096	3.038807404	11.03877154	1.164721899	33.29846481	3.513384711
1	601	212	211	0	0	0	0	0	0
1	602	211	207	32.63748302	3.443643258	33.21956322	3.505059653	33.37271106	3.521218574
1	603	207	206	11.15654811	1.17714873	22.49474826	2.373463914	29.62460102	3.125748316
1	604	207	208	0	0	0	0	0	0
1	605	208	209	0	0	0	0	0	0
1	606	209	210	15.84761575	1.672112249	16.11288169	1.700100966	16.17341519	1.706487971
1	607	210	221	0	0	0	0	0	0
1	608	221	220	20.87684909	4.139720114	20.68644519	4.101964472	20.92923838	4.150108512
1	609	220	219	0	0	0	0	0	0
1	610	219	218	0	0	0	0	0	0
1	611	218	217	10.8375828	2.149010098	5.449691844	1.080632371	14.44386021	2.864107432
1	612	218	222	34.7110656	6.882939846	34.40423623	6.822097918	34.81611455	6.903770252
1	613	222	223	0	0	0	0	0	0
1	614	223	224	9.43867216	1.871616776	9.356551546	1.855332884	34.73837216	6.888354529
1	615	224	225	0	0	0	0	0	0
1	616	225	226	34.6077499	6.862453129	34.31664517	6.80472928	9.47093617	1.878014484
1	617	226	1017	0	0	0	0	0	0
1	618	1017	1016	32.67850272	6.479898111	32.03701824	6.352696628	3.91766E-13	7.76842E-14
1	619	1016	1015	0	0	0	0	0	0
1	620	1015	1014	31.66267482	6.278467179	31.66267482	6.278467179	32.91427096	6.526649159
1	621	1014	1013	0	0	0	0	0	0
1	622	217	216	0	0	0	0	0	0
1	623	216	14	40.086075	7.948763257	39.67629462	7.867506929	40.13602795	7.958668546
1	624	14	307	0	0	0	0	0	0
1	625	307	308	0	0	0	0	0	0
1	626	308	309	35.21878191	6.983616121	34.79705243	6.899990377	35.20013699	6.979918975
1	627	309	312	0	0	0	0	0	0
1	628	312	311	35.17982596	6.975891453	35.18909005	6.977728452	34.80120731	6.900814259
1	629	311	310	0	0	0	0	0	0
1	630	310	15	0	0	0	0	0	0
1	631	15	227	40.04147098	7.939918619	40.12472147	7.956426558	39.68083702	7.868407652
1	632	227	228	0	0	0	0	0	0
1	633	228	229	10.70793116	2.123301165	5.45114854	1.080921223	14.25565912	2.826788591
1	634	229	230	0	0	0	0	0	0
1	635	229	233	34.67288558	6.875369039	34.79167708	6.898924487	34.42298013	6.825814691
1	636	233	234	0	0	0	0	0	0
1	637	234	235	9.428174631	1.869535196	9.462285218	1.876299066	34.34637636	6.810624747
1	638	235	236	0	0	0	0	0	0
1	639	236	237	34.5696228	6.854892816	34.7030905	6.881358443	9.363786718	1.856767563
1	640	237	1034	0	0	0	0	0	0
1	641	1034	1033	32.57322578	6.459022497	32.5249621	6.449452178	69.80134733	13.84107536
1	642	1033	1032	0	0	0	0	0	0
1	643	1032	1031	3.49958E-12	6.9394E-13	69.80134733	13.84107536	32.05909719	6.357074715
1	644	1031	1030	0	0	0	0	0	0
1	645	230	231	0	0	0	0	0	0
1	646	231	232	20.85365317	4.135120539	20.9202124	4.148318728	20.69225307	4.10311613
1	647	232	243	0	0	0	0	0	0
1	648	243	242	20.62409009	4.08959993	20.86682661	4.137732733	21.01745139	4.167600479
1	649	242	241	0	0	0	0	0	0
1	650	241	240	0	0	0	0	0	0
1	651	240	239	9.36700302	1.857405332	9.476652145	1.879147918	9.544656569	1.892632677
1	652	240	244	34.2888997	6.799227564	34.69450724	6.879656449	34.97697052	6.935666764
1	653	244	245	0	0	0	0	0	0
1	654	245	246	14.13260579	2.802388052	10.61749627	2.105368616	34.91074081	6.922533918
1	655	246	247	0	0	0	0	0	0
1	656	247	248	34.1864938	6.778921253	34.597018	6.860325075	5.437061371	1.078127845
1	657	248	1045	0	0	0	0	0	0
1	658	1045	1044	32.15539087	6.376169018	32.58351696	6.46106316	31.95131753	6.33570283
1	659	1044	1043	0	0	0	0	0	0
1	660	1043	1042	31.95131753	6.33570283	2.4921E-13	4.94165E-14	32.8498345	6.513871898
1	661	1042	1041	0	0	0	0	0	0
1	662	239	238	0	0	0	0	0	0
1	663	238	16	39.58954587	7.850305314	40.04443127	7.940505623	40.28974182	7.989148836
1	664	16	313	0	0	0	0	0	0
1	665	313	314	0	0	0	0	0	0
1	666	314	315	34.77185449	6.894993818	35.13908752	6.96781333	35.32288784	7.004259534
1	667	315	318	0	0	0	0	0	0
1	668	318	317	35.24145909	6.988112834	34.7923419	6.899056315	35.18049598	6.976024313
1	669	317	316	0	0	0	0	0	0
1	670	316	17	0	0	0	0	0	0
1	671	17	249	40.13587827	7.958638865	39.64654373	7.861607556	40.11768259	7.955030801
1	672	249	250	0	0	0	0	0	0
1	673	206	205	0	0	0	0	0	0
1	674	205	13	40.02382996	4.222990851	40.61836242	4.285721108	40.78153189	4.302937431
1	675	13	304	0	0	0	0	0	0
1	676	304	305	0	0	0	0	0	0
1	677	305	306	16.07852416	1.696475837	16.28346651	1.718099696	16.35538797	1.725688267
1	678	306	303	0	0	0	0	0	0
1	679	303	302	16.28336715	1.718089212	16.30351547	1.7202151	16.10036953	1.698780783
1	680	302	301	0	0	0	0	0	0
1	681	301	12	0	0	0	0	0	0
1	682	12	194	40.56016707	4.279580805	40.66480527	4.290621382	40.12279873	4.233433235
1	683	194	195	0	0	0	0	0	0
1	684	195	196	22.07829797	2.329523447	11.17098853	1.178672366	29.3672604	3.098595814
1	685	196	197	0	0	0	0	0	0
1	686	196	200	33.13819943	3.496474804	33.24927982	3.508195108	32.77436998	3.458086463
1	687	200	201	0	0	0	0	0	0
1	688	201	202	11.23673045	1.185608921	29.54680649	3.117540065	32.66181013	3.446210057
1	689	202	203	0	0	0	0	0	0
1	690	203	204	33.03840848	3.48594567	33.14353316	3.497037576	22.02934524	2.324358351
1	691	204	736	0	0	0	0	0	0
1	692	736	735	24.08430062	2.541180623	23.54164375	2.483923859	1.85669E-12	1.95903E-13
1	693	735	734	0	0	0	0	0	0
1	694	734	733	45.23389491	4.772714769	45.23389491	4.772714769	24.21685711	2.555166913
1	695	733	732	0	0	0	0	0	0
1	696	732	728	24.14307562	2.547382086	23.6435377	2.494674885	24.24858234	2.558514302
1	697	728	727	41.52961737	4.38186936	30.66158662	3.235162649	16.12247346	1.701113011
1	698	728	729	0	0	0	0	0	0
1	699	729	730	0	0	0	0	0	0
1	700	730	731	20.38909531	2.151292443	20.00771608	2.111052392	20.45292296	2.158027021
1	701	731	720	0	0	0	0	0	0
1	702	720	719	20.33135416	2.145200064	20.17588779	2.12879651	20.33647918	2.145740814
1	703	719	718	0	0	0	0	0	0
1	704	718	717	0	0	0	0	0	0
1	705	717	716	15.86344619	1.673782549	41.31042545	4.358742002	30.83721087	3.2536931
1	706	717	721	24.05674257	2.538272921	23.86557907	2.518102894	24.10457523	2.543319837
1	707	721	722	0	0	0	0	0	0
1	708	722	723	41.28988221	4.356574445	30.62176231	3.230960711	24.0700931	2.53968156
1	709	723	724	0	0	0	0	0	0
1	710	724	725	23.9794703	2.530119776	23.78373717	2.509467599	15.94171666	1.682041016
1	711	725	193	0	0	0	0	0	0
1	712	193	192	32.80673379	3.46150123	32.90240376	3.471595552	32.48362832	3.427409754
1	713	192	191	0	0	0	0	0	0
1	714	191	190	32.48362832	3.427409754	2.56249E-12	2.70373E-13	33.1694661	3.49977381
1	715	190	189	0	0	0	0	0	0
1	716	189	185	32.96611602	3.478317954	32.98219758	3.48001475	33.24831341	3.50809314
1	717	185	184	22.29017418	2.351878912	11.217202	1.183548437	29.76497053	3.140558971
1	718	185	186	0	0	0	0	0	0
1	719	186	187	0	0	0	0	0	0
1	720	187	188	16.01520035	1.689794421	15.98820163	1.686945734	16.11679375	1.700513735
1	721	188	199	0	0	0	0	0	0
1	722	199	198	16.07049949	1.695629138	16.12992326	1.701899054	15.90293908	1.677949519
1	723	198	197	0	0	0	0	0	0
1	724	184	183	0	0	0	0	0	0
1	725	183	11	40.4953711	4.272744059	40.27527001	4.249520772	40.62115139	4.286015378
1	726	11	298	0	0	0	0	0	0
1	727	298	299	0	0	0	0	0	0
1	728	299	300	16.28715777	1.718489168	16.13415627	1.702345687	16.28449241	1.718207941
1	729	300	297	0	0	0	0	0	0
1	730	297	296	16.09059627	1.697749588	16.28883913	1.718666571	16.33398977	1.723430502
1	731	296	295	0	0	0	0	0	0
1	732	295	10	0	0	0	0	0	0
1	733	10	172	40.07826831	4.228734745	40.60635818	4.284454517	40.73378635	4.297899708
1	734	172	173	0	0	0	0	0	0
1	735	173	174	29.33055037	3.094722469	22.07008013	2.328656366	11.16660701	1.178210064
1	736	174	175	0	0	0	0	0	0
1	737	174	178	32.72150752	3.452508843	33.20405161	3.503422993	33.29506996	3.513026513
1	738	178	179	0	0	0	0	0	0
1	739	179	180	11.09473998	1.170627236	22.34380891	2.357538014	33.17800707	3.500674984
1	740	180	181	0	0	0	0	0	0
1	741	181	182	32.60247475	3.439949468	33.11835082	3.494380539	29.413202	3.103443201
1	742	182	708	0	0	0	0	0	0
1	743	708	707	23.90039101	2.521775969	23.76442018	2.507429426	15.95777586	1.683735452
1	744	707	706	0	0	0	0	0	0
1	745	706	705	41.119118	4.338556787	30.49150888	3.217217421	24.17812615	2.551080335
1	746	705	704	0	0	0	0	0	0
1	747	704	700	23.97733847	2.529894842	23.8461182	2.516049541	24.21292368	2.554751888
1	748	700	699	27.52771174	2.904501517	27.38608758	2.88955848	27.74691871	2.927630463
1	749	700	701	0	0	0	0	0	0
1	750	701	702	0	0	0	0	0	0
1	751	702	703	20.26368392	2.138060048	20.16086413	2.127211335	20.4270422	2.155296292
1	752	703	692	0	0	0	0	0	0
1	753	692	691	20.30139179	2.142038677	20.188606	2.130138432	20.32769729	2.144814221
1	754	691	690	0	0	0	0	0	0
1	755	690	689	0	0	0	0	0	0
1	756	689	688	31.03006157	3.274041146	15.87580344	1.675086386	41.64037548	4.39355566
1	757	689	693	24.02505159	2.534929145	23.89800314	2.52152402	24.068327	2.539495216
1	758	693	694	0	0	0	0	0	0
1	759	694	695	27.43680865	2.894910157	27.29773922	2.880236676	24.00990396	2.533330889
1	760	695	696	0	0	0	0	0	0
1	761	696	697	23.9489818	2.526902875	23.83425832	2.514798182	27.49811117	2.901378304
1	762	697	171	0	0	0	0	0	0
1	763	171	170	32.99493238	3.481358423	33.09996986	3.492441128	19.18790056	2.024552088
1	764	170	169	0	0	0	0	0	0
1	765	169	168	19.32473225	2.038989462	19.38044783	2.044868118	32.77702036	3.458366109
1	766	168	167	0	0	0	0	0	0
1	767	167	163	33.11466969	3.493992136	33.20259893	3.503269719	32.86900519	3.468071604
1	768	163	162	19.43509291	2.050633826	19.47908524	2.055275541	19.27563636	2.03380926
1	769	163	164	0	0	0	0	0	0
1	770	164	165	0	0	0	0	0	0
1	771	165	166	16.06890497	1.695460898	16.10614388	1.699390046	15.93831934	1.681682559
1	772	166	177	0	0	0	0	0	0
1	773	177	176	15.87907911	1.675432008	16.09800493	1.69853129	16.15649492	1.704702681
1	774	176	175	0	0	0	0	0	0
1	775	162	161	0	0	0	0	0	0
1	776	161	9	40.55605305	4.279146727	40.62528053	4.286451051	40.18294497	4.23977938
1	777	9	292	0	0	0	0	0	0
1	778	292	293	0	0	0	0	0	0
1	779	293	294	16.28178614	1.717922397	16.29573206	1.719393858	16.11292754	1.700105803
1	780	294	291	0	0	0	0	0	0
1	781	291	290	16.2935918	1.719168034	16.11494222	1.700318376	16.30197982	1.72005307
1	782	290	289	0	0	0	0	0	0
1	783	289	8	0	0	0	0	0	0
1	784	8	150	40.58337201	4.282029202	40.17470006	4.238909443	40.6528826	4.289363398
1	785	150	151	0	0	0	0	0	0
1	786	151	152	22.38326508	2.36170111	11.17764189	1.179374375	29.82570951	3.146967656
1	787	152	153	0	0	0	0	0	0
1	788	152	156	33.15461241	3.498206569	32.81518046	3.462392454	33.25391259	3.508683921
1	789	156	157	0	0	0	0	0	0
1	790	157	158	21.9856105	2.319743815	28.90149424	3.049451936	33.16343536	3.499137495
1	791	158	159	0	0	0	0	0	0
1	792	159	160	33.05416523	3.487608195	32.69350463	3.449554204	11.11479731	1.172743523
1	793	160	680	0	0	0	0	0	0
1	794	680	679	23.85969635	2.517482197	23.91307778	2.523114574	27.53476895	2.905246136
1	795	679	678	0	0	0	0	0	0
1	796	678	677	27.33453166	2.884118717	27.38857087	2.889820497	24.04235384	2.536754738
1	797	677	676	0	0	0	0	0	0
1	798	676	672	23.93555603	2.525486297	23.97703722	2.529863057	24.10088103	2.542930054
1	799	672	671	30.94710003	3.265287715	15.94477025	1.682363206	41.63319662	4.392798205
1	800	672	673	0	0	0	0	0	0
1	801	673	674	0	0	0	0	0	0
1	802	674	675	20.22579026	2.134061815	20.25578252	2.137226356	20.35481366	2.14767532
1	803	675	664	0	0	0	0	0	0
1	804	664	663	20.88651332	3.795663	20.86073739	3.790978794	20.95183477	3.807533734
1	805	663	662	0	0	0	0	0	0
1	806	662	661	0	0	0	0	0	0
1	807	661	665	34.72643095	6.310762696	34.70372806	6.306636946	34.84186761	6.331740763
1	808	661	660	5.466583976	0.993431035	14.38613459	2.614362577	10.80496898	1.963564734
1	809	660	659	0	0	0	0	0	0
1	810	659	43	40.08028074	7.283706781	40.0142377	7.271704914	40.20293257	7.305996043
1	811	43	656	0	0	0	0	0	0
1	812	656	657	0	0	0	0	0	0
1	813	657	658	35.19252406	6.395464836	35.09679337	6.378067896	35.27912255	6.411202201
1	814	658	655	0	0	0	0	0	0
1	815	655	654	35.34309662	6.422828077	34.95668996	6.352607191	35.25119666	6.406127287
1	816	654	653	0	0	0	0	0	0
1	817	653	42	0	0	0	0	0	0
1	818	42	642	40.22712484	7.310392456	39.83739157	7.239567031	40.22138104	7.309348647
1	819	642	643	0	0	0	0	0	0
1	820	643	644	14.40219392	2.617281006	10.75319923	1.954156725	5.516448155	1.002492749
1	821	644	645	0	0	0	0	0	0
1	822	644	648	34.82287203	6.328288734	34.52581763	6.274305651	34.92444259	6.346746943
1	823	648	649	0	0	0	0	0	0
1	824	649	650	14.28661158	2.596276465	5.428924431	0.986587243	34.85667619	6.334431896
1	825	650	651	0	0	0	0	0	0
1	826	651	652	34.70892996	6.307582278	34.43882154	6.258496031	10.82633875	1.967448219
1	827	652	641	0	0	0	0	0	0
1	828	641	640	34.68341904	6.30294623	34.51997253	6.273243433	5.456936201	0.991677765
1	829	640	639	0	0	0	0	0	0
1	830	639	638	10.71267191	1.946791779	14.16297657	2.573808531	34.82828996	6.329273323
1	831	638	637	0	0	0	0	0	0
1	832	637	633	34.77670109	6.319898185	34.61840293	6.291130986	34.90486254	6.343188701
1	833	633	634	0	0	0	0	0	0
1	834	633	632	10.84402953	1.970663127	5.479372305	0.995755031	14.4663431	2.628938704
1	835	632	631	0	0	0	0	0	0
1	836	631	41	40.1392443	7.294422105	39.9472107	7.259524236	40.23393301	7.31162969
1	837	41	628	0	0	0	0	0	0
1	838	628	629	0	0	0	0	0	0
1	839	629	630	35.25496165	6.40681149	35.04491363	6.368639898	35.28491233	6.412254367
1	840	630	627	0	0	0	0	0	0
1	841	627	626	35.16618482	6.390678259	35.08480152	6.375888642	35.32453732	6.419455333
1	842	626	625	0	0	0	0	0	0
1	843	625	40	0	0	0	0	0	0
1	844	40	614	40.01345252	7.271562224	39.99638614	7.268460787	40.30167861	7.323940958
1	845	614	615	0	0	0	0	0	0
1	846	615	616	14.33423481	2.604930937	10.73615616	1.951059523	5.495352813	0.998659136
1	847	616	620	34.61719969	6.290912325	34.68401331	6.303054226	34.9899832	6.358657502
1	848	616	617	0	0	0	0	0	0
1	849	617	618	0	0	0	0	0	0
1	850	618	619	20.83259556	3.785864637	20.84857008	3.788767654	21.02850997	3.821467759
1	851	619	608	0	0	0	0	0	0
1	852	608	607	20.99139331	3.814722625	20.78324167	3.776895656	20.8763347	3.793813261
1	853	607	606	0	0	0	0	0	0
1	854	606	605	0	0	0	0	0	0
1	855	605	609	34.90719199	6.343612027	34.56584021	6.281578871	34.66546389	6.299683278
1	856	605	604	5.502123511	0.999889561	2.92704E-12	5.31925E-13	5.502123511	0.999889561
1	857	604	603	0	0	0	0	0	0
1	858	603	39	40.28276456	7.320503747	39.86356475	7.244323429	40.09218556	7.285870218
1	859	39	600	0	0	0	0	0	0
1	860	600	601	0	0	0	0	0	0
1	861	601	602	35.37104184	6.427906505	34.96374713	6.353889675	35.21111509	6.398843345
1	862	602	599	0	0	0	0	0	0
1	863	599	598	35.27392321	6.410257336	35.02246342	6.364560067	35.29134433	6.41342324
1	864	598	597	0	0	0	0	0	0
1	865	597	38	0	0	0	0	0	0
1	866	38	586	40.18342174	7.302450381	39.87716293	7.246794598	40.27177377	7.318506413
1	867	586	587	0	0	0	0	0	0
1	868	587	588	15.93675115	2.896152927	15.93675115	2.896152927	4.7925E-12	8.7093E-13
1	869	588	589	34.8333729	6.330197036	34.50902383	6.271253749	34.97770415	6.356426057
1	870	588	590	0	0	0	0	0	0
1	871	590	591	0	0	0	0	0	0
1	872	591	592	20.94560203	3.80640107	20.76164913	3.772971689	21.01685025	3.819348863
1	873	592	580	0	0	0	0	0	0
1	874	580	579	15.84490534	3.141924007	15.73111936	3.119361115	15.92480615	3.157767729
1	875	579	578	0	0	0	0	0	0
1	876	578	577	0	0	0	0	0	0
1	877	577	576	19.16417486	3.800109863	19.02552332	3.772616319	19.25931348	3.818975127
1	878	577	581	32.66852629	6.477919862	32.39294771	6.423274729	32.86790283	6.517454711
1	879	581	582	0	0	0	0	0	0
1	880	582	583	31.76835106	6.299421972	31.76835106	6.299421972	32.80127167	6.50424226
1	881	583	584	0	0	0	0	0	0
1	882	584	585	32.56804769	6.457995722	32.25556303	6.396032395	1.6347E-12	3.24149E-13
1	883	585	596	0	0	0	0	0	0
1	884	596	595	34.7395262	6.313142469	34.4015528	6.251723259	1.33719E-12	2.43005E-13
1	885	595	594	0	0	0	0	0	0
1	886	594	593	15.85413561	2.881139376	15.85413561	2.881139376	34.91293412	6.344655533
1	887	593	589	0	0	0	0	0	0
1	888	576	575	0	0	0	0	0	0
1	889	575	37	39.96974538	7.92569598	39.72389757	7.876946231	40.11852726	7.955198292
1	890	37	825	0	0	0	0	0	0
1	891	825	826	0	0	0	0	0	0
1	892	826	827	16.03836927	3.18028643	15.95188236	3.163136736	16.07476951	3.18750432
1	893	827	824	0	0	0	0	0	0
1	894	824	823	16.06332209	3.185234385	15.92346188	3.15750117	16.06691821	3.185947468
1	895	823	822	0	0	0	0	0	0
1	896	822	54	0	0	0	0	0	0
1	897	54	811	39.96134731	7.924030707	39.7038721	7.872975333	40.11155558	7.953815863
1	898	811	812	0	0	0	0	0	0
1	899	812	813	32.33609391	6.412001054	4.91984E-12	9.75567E-13	32.33609391	6.412001054
1	900	813	814	0	0	0	0	0	0
1	901	813	817	32.58818969	6.461989727	32.4356607	6.431744389	32.86901294	6.517674838
1	902	817	818	0	0	0	0	0	0
1	903	818	819	28.9541159	5.741380581	21.6369131	4.290435015	32.79961708	6.503914168
1	904	819	820	0	0	0	0	0	0
1	905	820	821	32.46958984	6.438472279	32.31736367	6.40828699	11.06810984	2.194721854
1	906	821	810	0	0	0	0	0	0
1	907	810	809	32.42172713	6.42898147	32.46108857	6.436786542	29.22835583	5.79576027
1	908	809	808	0	0	0	0	0	0
1	909	808	807	21.86563698	4.33578922	11.03267926	2.18769624	32.71414734	6.486966169
1	910	807	806	0	0	0	0	0	0
1	911	806	802	32.55987436	6.456375012	32.5417925	6.452789517	32.81015276	6.506003312
1	912	802	801	29.15094845	5.780410976	21.82083521	4.32690537	11.09493872	2.200041816
1	913	802	803	0	0	0	0	0	0
1	914	803	804	0	0	0	0	0	0
1	915	804	805	15.80957637	3.134918542	15.77580433	3.128221803	15.91199782	3.155227934
1	916	805	816	0	0	0	0	0	0
1	917	816	815	15.81318914	3.135634925	15.74320892	3.121758381	15.92765505	3.158332644
1	918	815	814	0	0	0	0	0	0
1	919	801	800	0	0	0	0	0	0
1	920	800	53	39.92742768	7.917304701	39.7893666	7.889928241	40.09438345	7.95041076
1	921	53	797	0	0	0	0	0	0
1	922	797	798	0	0	0	0	0	0
1	923	798	799	16.03981668	3.180573441	15.95924509	3.164596708	16.0686862	3.186298047
1	924	799	796	0	0	0	0	0	0
1	925	796	795	16.02056582	3.176756142	15.97207784	3.167141344	16.06975712	3.186510402
1	926	795	794	0	0	0	0	0	0
1	927	794	52	0	0	0	0	0	0
1	928	52	783	39.90516416	7.912890016	39.83845511	7.899662119	40.04716594	7.941047886
1	929	783	784	0	0	0	0	0	0
1	930	784	785	11.07133419	2.195361218	21.94932208	4.352383338	28.97940172	5.746394566
1	931	785	786	0	0	0	0	0	0
1	932	785	789	32.58253676	6.460868794	32.57786639	6.459942696	32.7332155	6.49074724
1	933	789	790	0	0	0	0	0	0
1	934	790	791	19.01439204	3.770409072	19.01483352	3.770496614	32.64136788	6.472534557
1	935	791	792	0	0	0	0	0	0
1	936	792	793	32.46465257	6.437493257	32.47718076	6.439977501	19.10931302	3.789231177
1	937	793	782	0	0	0	0	0	0
1	938	782	781	32.68333379	6.480856077	32.1799448	6.381037875	10.9441902	2.170149533
1	939	781	780	0	0	0	0	0	0
1	940	780	779	21.68733998	4.300434282	28.46339298	5.644073966	32.73602258	6.491303862
1	941	779	778	0	0	0	0	0	0
1	942	778	774	32.78264339	6.500548414	32.29977399	6.404799091	32.82528487	6.509003894
1	943	774	773	29.26425951	5.802879697	21.81210706	4.325174644	11.16056658	2.213055321
1	944	774	775	0	0	0	0	0	0
1	945	775	776	0	0	0	0	0	0
1	946	776	777	15.89923256	3.15269668	15.67764909	3.108758368	15.91535235	3.155893113
1	947	777	788	0	0	0	0	0	0
1	948	788	787	15.8109085	3.135182693	15.80229958	3.13347561	15.87319279	3.147533193
1	949	787	786	0	0	0	0	0	0
1	950	773	772	0	0	0	0	0	0
1	951	772	51	40.1054824	7.952611597	39.59073082	7.850540281	40.09441862	7.950417733
1	952	51	771	0	0	0	0	0	0
1	953	771	770	0	0	0	0	0	0
1	954	770	769	16.0923388	3.190988176	15.89911333	3.152673037	16.06502371	3.185571802
1	955	769	768	0	0	0	0	0	0
1	956	768	767	16.03116212	3.178857308	15.97844816	3.16840453	16.05441902	3.183468972
1	957	767	766	0	0	0	0	0	0
1	958	766	50	0	0	0	0	0	0
1	959	50	754	39.92986173	7.917787356	39.83359795	7.898698981	40.03636579	7.938906299
1	960	754	755	0	0	0	0	0	0
1	961	755	756	11.08112785	2.197303226	21.94171806	4.350875517	28.98343147	5.747193637
1	962	756	757	0	0	0	0	0	0
1	963	756	760	32.60079938	6.464490131	32.53812778	6.452062831	32.77027751	6.498096353
1	964	760	761	0	0	0	0	0	0
1	965	761	762	29.00354996	5.751182979	21.71035779	4.304998538	32.70126743	6.484412181
1	966	762	763	0	0	0	0	0	0
1	967	763	764	32.48208661	6.440950293	32.41951787	6.42854339	11.03797346	2.188746038
1	968	764	753	0	0	0	0	0	0
1	969	753	752	23.94809562	2.526809373	23.85185057	2.516654374	15.81719208	1.668902189
1	970	752	751	0	0	0	0	0	0
1	971	751	750	30.6773023	3.23682084	40.60281853	4.284081042	24.00972844	2.53331237
1	972	750	749	0	0	0	0	0	0
1	973	749	745	24.00448402	2.532759021	23.9358077	2.525512852	24.06515654	2.539160695
1	974	745	744	15.93242945	1.681061105	30.91607906	3.262014634	41.02080561	4.328183658
1	975	745	746	0	0	0	0	0	0
1	976	746	747	0	0	0	0	0	0
1	977	747	748	20.26867392	2.138586552	20.23697288	2.135241715	20.32180023	2.144192011
1	978	748	759	0	0	0	0	0	0
1	979	759	758	15.82014687	3.13701459	15.7919595	3.131425251	15.87986524	3.148856289
1	980	758	757	0	0	0	0	0	0
1	981	744	743	0	0	0	0	0	0
1	982	743	49	31.50308267	3.323950507	31.46334486	3.319757695	31.60285738	3.334477927
1	983	49	740	0	0	0	0	0	0
1	984	740	741	0	0	0	0	0	0
1	985	741	742	20.49923418	2.162913406	20.47628169	2.160491645	20.57476468	2.170882774
1	986	742	739	0	0	0	0	0	0
1	987	739	738	20.62800744	2.176500519	20.33406346	2.145485928	20.58816696	2.172296874
1	988	738	737	0	0	0	0	0	0
1	989	737	48	0	0	0	0	0	0
1	990	48	726	31.69514459	3.344215327	31.17638587	3.289480103	31.71476354	3.34628536
1	991	726	727	0	0	0	0	0	0
1	992	609	610	0	0	0	0	0	0
1	993	610	611	2.48768E-12	4.52081E-13	34.56220337	6.280917957	34.52597597	6.274334426
1	994	611	612	0	0	0	0	0	0
1	995	612	613	34.81008449	6.325964882	34.47716467	6.265464049	34.56220337	6.280917957
1	996	613	624	0	0	0	0	0	0
1	997	624	623	34.49323437	6.268384362	34.60710999	6.289078744	15.98166987	2.904315914
1	998	623	622	0	0	0	0	0	0
1	999	622	621	15.98166987	2.904315914	3.45045E-12	6.27044E-13	34.91993695	6.345928142
1	1000	621	620	0	0	0	0	0	0
1	1001	634	635	0	0	0	0	0	0
1	1002	635	636	20.91063331	3.800046276	20.82152142	3.783852157	20.98118102	3.812866767
1	1003	636	647	0	0	0	0	0	0
1	1004	647	646	20.95029426	3.807253779	20.75932816	3.772549905	20.98790139	3.814088046
1	1005	646	645	0	0	0	0	0	0
1	1006	665	666	0	0	0	0	0	0
1	1007	666	667	5.464656658	0.993080787	10.76549163	1.956390597	34.75224528	6.315453881
1	1008	667	668	0	0	0	0	0	0
1	1009	668	669	34.62279343	6.291928863	34.62453667	6.292245659	14.2619657	2.59179762
1	1010	669	149	0	0	0	0	0	0
1	1011	149	148	23.43839585	4.259411352	23.84535517	4.33336723	40.50842088	7.361511804
1	1012	148	147	0	0	0	0	0	0
1	1013	147	146	15.53257155	2.822702202	30.69706964	5.578515172	23.70927784	4.308638177
1	1014	146	145	0	0	0	0	0	0
1	1015	145	141	23.51312069	4.272990943	23.89185636	4.341817795	23.79037088	4.323375049
1	1016	141	140	15.67702734	2.848953854	41.35496987	7.515353407	30.8336204	5.603330261
1	1017	141	142	0	0	0	0	0	0
1	1018	142	143	0	0	0	0	0	0
1	1019	143	144	19.87065846	3.611053792	20.16731554	3.664964672	20.11252431	3.655007575
1	1020	144	155	0	0	0	0	0	0
1	1021	155	154	16.07900621	1.696526699	15.92751962	1.680543059	16.12408281	1.701282817
1	1022	154	153	0	0	0	0	0	0
1	1023	140	139	0	0	0	0	0	0
1	1024	139	7	30.88242585	5.612199576	31.33464431	5.694380303	31.30802476	5.689542787
1	1025	7	286	0	0	0	0	0	0
1	1026	286	287	0	0	0	0	0	0
1	1027	287	288	20.09390379	3.651623705	20.37962455	3.70354715	20.40246485	3.707697871
1	1028	288	285	0	0	0	0	0	0
1	1029	285	284	20.34766006	3.697738309	20.36513885	3.700914694	20.13653258	3.659370547
1	1030	284	283	0	0	0	0	0	0
1	1031	283	6	0	0	0	0	0	0
1	1032	6	128	31.21647384	5.672905428	31.27794516	5.684076484	31.0103102	5.635439734
1	1033	128	129	0	0	0	0	0	0
1	1034	671	670	0	0	0	0	0	0
1	1035	670	44	31.48947189	3.322514408	31.46144966	3.319557728	31.63320426	3.337679885
1	1036	44	681	0	0	0	0	0	0
1	1037	681	682	0	0	0	0	0	0
1	1038	682	683	20.52446722	2.165575793	20.45468196	2.158212616	20.58159293	2.171603235
1	1039	683	686	0	0	0	0	0	0
1	1040	686	685	20.6007851	2.173628238	20.38668395	2.151038017	20.55422833	2.168715945
1	1041	685	684	0	0	0	0	0	0
1	1042	684	45	0	0	0	0	0	0
1	1043	45	687	31.60681515	3.334895519	31.35700716	3.308537801	31.59112443	3.333239962
1	1044	687	688	0	0	0	0	0	0
1	1045	699	698	0	0	0	0	0	0
1	1046	698	46	31.52319211	3.326072292	31.36393836	3.309269124	31.70935745	3.345714954
1	1047	46	709	0	0	0	0	0	0
1	1048	709	710	0	0	0	0	0	0
1	1049	710	711	20.53050507	2.166212857	20.42357463	2.154930423	20.6074237	2.174328689
1	1050	711	714	0	0	0	0	0	0
1	1051	714	713	20.56274455	2.169614507	20.44515327	2.157207226	20.54981186	2.168249955
1	1052	713	712	0	0	0	0	0	0
1	1053	712	47	0	0	0	0	0	0
1	1054	47	715	31.60040109	3.334218759	31.39210425	3.312240962	31.59507299	3.333656581
1	1055	715	716	0	0	0	0	0	0
1	1056	76	77	0	0	0	0	0	0
1	1057	77	78	20.62493504	4.089767476	20.89430331	4.143181153	20.97984574	4.160143565
1	1058	78	89	0	0	0	0	0	0
1	1059	89	88	20.21547767	3.673717077	19.70940575	3.581749669	20.27113847	3.683832199
1	1060	88	87	0	0	0	0	0	0
1	1061	87	86	0	0	0	0	0	0
1	1062	86	90	23.9360393	4.349847069	23.2910946	4.232642599	24.03419858	4.367685352
1	1063	86	85	44.97881888	8.173908016	44.97881888	8.173908016	4.1877E-12	7.61022E-13
1	1064	85	84	0	0	0	0	0	0
1	1065	90	91	0	0	0	0	0	0
1	1066	91	92	44.66392127	8.116682323	44.66392127	8.116682323	24.00272553	4.361965821
1	1067	92	93	0	0	0	0	0	0
1	1068	93	94	23.87780659	4.33926456	23.1904931	4.214360495	2.2606E-12	4.10814E-13
1	1069	94	346	0	0	0	0	0	0
1	1070	346	345	34.35257445	6.242822526	34.77092056	6.318847701	5.443535478	0.989242479
1	1071	345	344	0	0	0	0	0	0
1	1072	344	343	14.21596069	2.583437225	10.68955569	1.942590916	34.89419254	6.341249664
1	1073	343	342	0	0	0	0	0	0
1	1074	342	338	34.45548621	6.261524467	34.86890083	6.336653454	34.96025855	6.353255703
1	1075	338	337	5.462129978	0.992621619	10.88994875	1.979007934	14.3944304	2.615870157
1	1076	338	339	0	0	0	0	0	0
1	1077	339	340	0	0	0	0	0	0
1	1078	340	341	20.72409772	3.766147548	20.97134699	3.811079649	21.00790082	3.817722501
1	1079	341	330	0	0	0	0	0	0
1	1080	330	329	19.90256574	3.946527149	20.03265275	3.972322412	20.07044595	3.979816515
1	1081	329	328	0	0	0	0	0	0
1	1082	337	336	0	0	0	0	0	0
1	1083	336	20	39.78169828	7.229446005	40.23482408	7.311791622	40.28484724	7.320882229
1	1084	20	347	0	0	0	0	0	0
1	1085	347	348	0	0	0	0	0	0
1	1086	348	349	34.94099824	6.349755568	35.29762807	6.414565172	35.32963814	6.420382295
1	1087	349	352	0	0	0	0	0	0
1	1088	352	351	35.28108355	6.41155857	35.07984388	6.374987699	35.24470671	6.404947882
1	1089	351	350	0	0	0	0	0	0
1	1090	350	21	0	0	0	0	0	0
1	1091	21	353	40.18055485	7.301929386	39.96475253	7.262712076	40.20372561	7.306140161
1	1092	353	354	0	0	0	0	0	0
1	1093	533	534	0	0	0	0	0	0
1	1094	534	535	19.95591005	3.957104919	20.00785696	3.967405596	20.04166965	3.974110394
1	1095	535	524	0	0	0	0	0	0
1	1096	524	523	20.01774003	3.969365333	19.95946525	3.957809888	20.04515535	3.974801581
1	1097	523	522	0	0	0	0	0	0
1	1098	508	509	0	0	0	0	0	0
1	1099	509	510	30.15471016	5.979449277	40.15496842	7.962424297	23.76983202	4.713376588
1	1100	510	511	0	0	0	0	0	0
1	1101	511	512	23.41197316	4.642415902	23.6564939	4.690902502	15.7427442	3.121666232
1	1102	512	501	0	0	0	0	0	0
1	1103	501	500	32.93427596	3.474958448	32.9492492	3.476538303	11.16224251	1.177749557
1	1104	500	499	0	0	0	0	0	0
1	1105	499	498	22.06931427	2.328575559	29.11133834	3.071592988	33.06089074	3.488317816
1	1106	498	497	0	0	0	0	0	0
1	1107	483	484	0	0	0	0	0	0
1	1108	484	459	16.09410898	1.698120221	15.93386568	1.681212644	16.14882916	1.703893852
1	1109	459	475	0	0	0	0	0	0
1	1110	475	474	15.94550285	1.682440504	16.07754798	1.696372838	16.1244624	1.701322868
1	1111	474	473	0	0	0	0	0	0
1	1112	109	110	0	0	0	0	0	0
1	1113	110	111	19.7209385	3.583845492	20.14179703	3.660327245	20.31945638	3.692612912
1	1114	111	100	0	0	0	0	0	0
1	1115	100	99	20.16654935	3.664825434	20.1497829	3.661778501	19.68783644	3.577829924
1	1116	99	98	0	0	0	0	0	0
